18944 0 30652;
42360 0 16180;
26180 26180 26180;
18944 0 30652;
26180 26180 26180;
0 16180 42360;
18944 0 30652;
0 16180 42360;
0 -16180 42360;
18944 0 30652;
0 -16180 42360;
26180 -26180 26180;
18944 0 30652;
26180 -26180 26180;
42360 0 16180;
-18944 0 30652;
-26180 26180 26180;
-42360 0 16180;
-18944 0 30652;
-42360 0 16180;
-26180 -26180 26180;
-18944 0 30652;
-26180 -26180 26180;
0 -16180 42360;
-18944 0 30652;
0 -16180 42360;
0 16180 42360;
-18944 0 30652;
0 16180 42360;
-26180 26180 26180;
0 30652 18944;
-26180 26180 26180;
0 16180 42360;
0 30652 18944;
0 16180 42360;
26180 26180 26180;
0 30652 18944;
26180 26180 26180;
16180 42360 0;
0 30652 18944;
16180 42360 0;
-16180 42360 0;
0 30652 18944;
-16180 42360 0;
-26180 26180 26180;
0 -30652 18944;
-26180 -26180 26180;
-16180 -42360 0;
0 -30652 18944;
-16180 -42360 0;
16180 -42360 0;
0 -30652 18944;
16180 -42360 0;
26180 -26180 26180;
0 -30652 18944;
26180 -26180 26180;
0 -16180 42360;
0 -30652 18944;
0 -16180 42360;
-26180 -26180 26180;
30652 18944 0;
26180 26180 26180;
42360 0 16180;
30652 18944 0;
42360 0 16180;
42360 0 -16180;
30652 18944 0;
42360 0 -16180;
26180 26180 -26180;
30652 18944 0;
26180 26180 -26180;
16180 42360 0;
30652 18944 0;
16180 42360 0;
26180 26180 26180;
-30652 18944 0;
-26180 26180 26180;
-16180 42360 0;
-30652 18944 0;
-16180 42360 0;
-26180 26180 -26180;
-30652 18944 0;
-26180 26180 -26180;
-42360 0 -16180;
-30652 18944 0;
-42360 0 -16180;
-42360 0 16180;
-30652 18944 0;
-42360 0 16180;
-26180 26180 26180;
-30652 -18944 0;
-26180 -26180 26180;
-42360 0 16180;
-30652 -18944 0;
-42360 0 16180;
-42360 0 -16180;
-30652 -18944 0;
-42360 0 -16180;
-26180 -26180 -26180;
-30652 -18944 0;
-26180 -26180 -26180;
-16180 -42360 0;
-30652 -18944 0;
-16180 -42360 0;
-26180 -26180 26180;
30652 -18944 0;
42360 0 16180;
26180 -26180 26180;
30652 -18944 0;
26180 -26180 26180;
16180 -42360 0;
30652 -18944 0;
16180 -42360 0;
26180 -26180 -26180;
30652 -18944 0;
26180 -26180 -26180;
42360 0 -16180;
30652 -18944 0;
42360 0 -16180;
42360 0 16180;
0 30652 -18944;
-16180 42360 0;
16180 42360 0;
0 30652 -18944;
16180 42360 0;
26180 26180 -26180;
0 30652 -18944;
26180 26180 -26180;
0 16180 -42360;
0 30652 -18944;
0 16180 -42360;
-26180 26180 -26180;
0 30652 -18944;
-26180 26180 -26180;
-16180 42360 0;
0 -30652 -18944;
-26180 -26180 -26180;
0 -16180 -42360;
0 -30652 -18944;
0 -16180 -42360;
26180 -26180 -26180;
0 -30652 -18944;
26180 -26180 -26180;
16180 -42360 0;
0 -30652 -18944;
16180 -42360 0;
-16180 -42360 0;
0 -30652 -18944;
-16180 -42360 0;
-26180 -26180 -26180;
18944 0 -30652;
26180 26180 -26180;
42360 0 -16180;
18944 0 -30652;
42360 0 -16180;
26180 -26180 -26180;
18944 0 -30652;
26180 -26180 -26180;
0 -16180 -42360;
18944 0 -30652;
0 -16180 -42360;
0 16180 -42360;
18944 0 -30652;
0 16180 -42360;
26180 26180 -26180;
-18944 0 -30652;
-26180 -26180 -26180;
-42360 0 -16180;
-18944 0 -30652;
-42360 0 -16180;
-26180 26180 -26180;
-18944 0 -30652;
-26180 26180 -26180;
0 16180 -42360;
-18944 0 -30652;
0 16180 -42360;
0 -16180 -42360;
-18944 0 -30652;
0 -16180 -42360;
-26180 -26180 -26180;
